 -0.1055874E+02
  0.1596221E+02 -0.1438707E+02 -0.1082611E+02
  0.7687823E+01 -0.6655454E+01 -0.9916633E+01 -0.7527811E+01 -0.4322506E+01
 -0.2046753E+01  0.4471692E+01 -0.4508263E+01 -0.1190040E+02  0.1327977E+02 -0.8679444E+00 -0.1186137E+02
  0.3279697E+01  0.4790477E+01  0.2752797E+01 -0.1209243E+02  0.4136186E+01 -0.6653404E+01  0.2710366E+01 -0.1823786E+01  0.1634015E+02
 -0.9594511E+01 -0.3370574E+00  0.2649988E+01 -0.5358722E+01 -0.3358828E+01 -0.6618935E+00 -0.2397874E+01  0.1609699E+02 -0.4240373E+01 -0.1733820E+01 -0.6912716E+01
  0.3021087E+01  0.1166260E+01  0.3674334E+01 -0.1202607E+01 -0.1411544E+00  0.3020522E+00 -0.6120970E+01  0.4530797E+01 -0.2661262E+01  0.1552265E+01  0.3675159E+01  0.1188169E+01  0.1341532E+01
 -0.3950543E+01 -0.3662608E+00 -0.4815940E+01  0.5289891E+01  0.1213249E+01  0.2079312E+01 -0.2775382E+01 -0.4270980E+01  0.1489490E+01 -0.1044242E+01  0.1389721E+01 -0.1670550E+01 -0.4099358E+01  0.1218938E+01  0.3696806E+01
 -0.1191493E+01  0.5431364E+00  0.9924072E+00  0.1748404E+01  0.3760468E-01 -0.1791586E+01 -0.1869308E+01  0.2824170E+00  0.2396499E+01  0.2347481E+01  0.4886384E+00  0.4608465E+00  0.2788692E+01 -0.4540751E+01 -0.2790620E+01 -0.2502855E+01 -0.2478091E+01
 -0.2993146E+01  0.1102730E+01  0.1713622E+00 -0.7491198E+00  0.9159341E+00 -0.1934790E+01 -0.1425524E+01 -0.4602783E+00  0.2263450E+01  0.4807793E+00 -0.1392853E+01 -0.1468789E+01  0.3824942E+01 -0.1719673E+01  0.1695179E+01  0.3027222E+01  0.1384993E+01  0.1337159E+01  0.1131509E+01
 -0.1423944E+01 -0.1281275E+01  0.5467547E+00 -0.4079460E+01 -0.1154220E+01  0.2556123E+01  0.2286411E+01 -0.1556256E+01  0.9024186E+00 -0.8919752E+00 -0.3858159E+00  0.1800083E+01 -0.1710092E+01 -0.8463737E+00  0.1051553E+00  0.1897762E+01 -0.2214434E+01 -0.3612800E+01  0.9194181E-01  0.1294010E+01 -0.2704903E+00
 -0.8773204E+00 -0.3479696E+01  0.2844957E+01 -0.1025291E+01 -0.3232952E+00  0.3410555E+00  0.4359600E+00  0.2716249E+00 -0.1307038E+01 -0.6373706E+00 -0.2235552E+00  0.1294420E+01  0.5329804E+00  0.2748588E-01  0.1086360E+01  0.1906558E+01  0.5236636E+00  0.1753966E+01 -0.9618585E+00  0.8045412E+00  0.1061306E+01  0.3961357E+00  0.9813340E+00
 -0.7895212E+00 -0.1535652E+01  0.1045821E+01 -0.1862122E+00 -0.6044376E+00  0.7972390E+00  0.1217858E+01 -0.1310921E+01  0.7215841E+00 -0.3466550E-01 -0.7773781E+00  0.8537120E+00  0.4377325E+00  0.2976860E+00  0.2014217E+01 -0.2243485E+01  0.1014693E+01 -0.1538527E+01 -0.4516833E+00 -0.1350740E+01  0.4969394E+00  0.4587180E+00 -0.1104019E+01 -0.2409239E+01 -0.2095164E+01
  0.8280596E+00 -0.1207414E+01 -0.6501467E+00 -0.2831713E+00 -0.1954976E+01  0.1382895E+01 -0.3340386E+00 -0.2563765E-01  0.2773949E+00  0.7368004E+00 -0.7530308E+00 -0.5399259E+00 -0.2743245E-01  0.9556153E+00  0.1658260E+01 -0.8827204E+00 -0.5611042E+00  0.2419838E+00 -0.1256000E+01 -0.2883962E-01 -0.1815166E+01  0.6012983E-01  0.7238389E+00 -0.9499466E+00  0.7560084E+00  0.1420283E+01  0.1407824E+01
 -0.1734344E+01 -0.1270393E+01 -0.1644319E+01 -0.1245731E+01 -0.1320683E+01  0.6800624E+00  0.2461235E+00  0.1859129E+00 -0.1191652E+01  0.1562793E+01 -0.1726138E+00  0.2343285E+00  0.3857920E+00 -0.3073325E+00  0.3758606E+00 -0.5727240E-01 -0.1853510E+00 -0.6273644E+00  0.6671690E+00  0.1256331E+01  0.1523014E+00  0.7037821E+00  0.1277422E+01  0.9023636E+00 -0.2544077E+01 -0.2511555E+00  0.2018439E+01  0.7513028E+00  0.4104895E+00
  0.5726434E+00 -0.2631179E+00  0.1019156E+01 -0.1152373E+01  0.3067477E+00  0.1039723E+01 -0.1064266E+01 -0.9207207E+00 -0.6102487E+00 -0.1136055E+00  0.3573430E+00  0.8823216E-01 -0.6894174E+00 -0.4606059E+00  0.3526701E+00 -0.1133048E+01  0.1032891E+01 -0.4571881E+00 -0.3842755E+00 -0.7469736E+00 -0.5524463E+00  0.1174648E+00  0.1147982E+00 -0.1509069E+01  0.1013767E+01  0.8946390E-02  0.1548983E+01  0.1568875E+01 -0.1506053E+01 -0.4370358E+00 -0.2811250E-01
 -0.9029610E+00  0.5541165E+00  0.1587045E+00 -0.3440231E+00  0.2075256E+00  0.1155050E+01  0.9291637E+00 -0.1093374E+01  0.4315017E+00  0.1021167E+01  0.2400967E+00 -0.1221588E+01  0.8515722E-01  0.2929617E+00  0.3220439E+00 -0.1913123E+01 -0.4431809E+00  0.1112997E+00  0.1382084E+01  0.2126904E+01 -0.1250327E+01  0.3934022E-01 -0.6135546E-01  0.1108255E+01  0.2499563E+00 -0.8563235E+00 -0.9117320E+00  0.6138105E+00 -0.1816985E+01  0.1372842E+01 -0.6596050E+00 -0.5033792E+00 -0.8137982E+00
 -0.1124551E+00  0.6577154E+00  0.1565645E+01 -0.7027776E+00 -0.1165467E+01 -0.2057781E-01 -0.6355332E+00 -0.3830108E+00 -0.5449473E-01  0.1863945E+01 -0.6149877E+00 -0.1878685E+01  0.7520672E+00  0.8207771E+00  0.5965222E+00  0.1851138E+00  0.4624264E+00  0.3997469E+00  0.8012930E-01 -0.1600654E+00 -0.3079762E+00 -0.1020054E+01 -0.1057099E+01  0.5775697E+00  0.2253839E+01 -0.6701676E+00 -0.6936337E+00  0.8772427E+00  0.9741403E+00 -0.1745886E+01 -0.1470908E+01 -0.2462277E+01  0.7073222E+00  0.9240116E+00  0.1769928E+01
  0.3234031E+00 -0.1060716E+01  0.5269533E+00  0.7768046E+00  0.1232818E+01 -0.1998316E+00  0.2627768E+00 -0.2081738E+00 -0.3697462E+00  0.1802462E+01 -0.2642709E+00 -0.4670168E+00 -0.4436095E+00  0.1013682E+01 -0.1701431E+01  0.1631774E+00  0.6212035E+00  0.1397873E+00 -0.1371241E+01 -0.1218147E+01  0.1048445E+01  0.7548105E+00 -0.9760795E-02 -0.8040592E-01 -0.7464854E+00 -0.4578705E+00  0.7616152E+00 -0.1240462E+00 -0.1585694E+01  0.1127233E+01  0.1530458E+01 -0.1903552E+00  0.1419614E+01  0.6832235E+00 -0.6676803E+00  0.9405531E+00 -0.6896765E+00
 -0.1087603E+00 -0.3289828E+00  0.2540898E+00  0.1091112E-01  0.7252475E+00 -0.1206434E+00 -0.8446235E+00  0.1453106E+00 -0.1223592E+01 -0.8712462E-01 -0.8362886E+00 -0.1934186E+00  0.9153678E-01 -0.3874517E+00 -0.1126632E+01 -0.4832201E+00  0.5231625E+00 -0.4075155E+00 -0.2068772E+00  0.8280274E-02  0.7636283E-01 -0.7817613E-01  0.2502378E+00  0.9763337E-01 -0.8508343E-01  0.2977993E+00  0.2264909E+00  0.4982841E+00 -0.8250571E+00 -0.5256691E+00  0.1296793E+01 -0.6292236E+00 -0.1290632E+00 -0.7871431E+00  0.5748715E+00  0.1369910E+00  0.4756548E+00 -0.8568627E-01 -0.5323815E+00
 -0.1212548E-01 -0.1021812E-01  0.1849317E+00  0.1275072E+01  0.1389423E+00  0.3349532E+00 -0.7832111E+00  0.1599076E+00 -0.1033787E+01  0.1437615E+01 -0.3896816E+00  0.2629252E+00  0.1314081E+00  0.4665034E+00 -0.7638249E+00 -0.4539571E-01  0.4835590E+00 -0.9223372E+00  0.7653542E+00 -0.6686819E+00 -0.5939514E+00 -0.5806013E+00  0.3247800E+00 -0.3908226E+00 -0.8695455E+00 -0.7328941E+00  0.1016331E+01 -0.7688721E+00 -0.1215623E+00  0.2528937E-01  0.2290987E+00  0.3516744E-01 -0.2867190E+00  0.1070065E+01 -0.1188902E+01 -0.5269436E+00 -0.3899234E+00  0.5695355E+00 -0.3508256E+00  0.3641449E-01 -0.9453318E+00
 -0.1138091E+01  0.3946387E+00 -0.3593976E+00  0.1726276E+00 -0.8697537E+00 -0.5916715E+00 -0.1132943E+00 -0.6986444E+00 -0.3577209E-02  0.5341532E+00 -0.2234229E+00 -0.8279721E+00  0.7338220E+00  0.9368281E-01 -0.8323295E+00 -0.7072412E+00 -0.2534086E-01  0.3181044E+00  0.2398986E+00 -0.7526214E+00 -0.9150972E+00 -0.1290015E+01  0.1246633E+01  0.1932511E+00 -0.5566786E+00  0.7092894E+00  0.3920976E+00  0.6630022E+00  0.1697477E+00 -0.5626846E+00 -0.1016199E+01  0.2273465E+00 -0.1580221E+00 -0.5654593E+00 -0.7970721E-01  0.9638324E+00 -0.3824488E+00  0.1461544E+01  0.4995342E+00 -0.9419066E+00  0.6046098E+00 -0.3464765E+00  0.2775129E+00
 -0.3578738E+00 -0.2270567E+00  0.8848802E+00 -0.8365579E+00 -0.6095278E+00  0.2670769E+00 -0.2835622E+00  0.1996792E+00 -0.1275362E+01  0.1495324E+01  0.1019130E+01 -0.3613743E+00  0.2727019E+00 -0.2221970E-01 -0.1243760E+01 -0.5441082E+00  0.7988947E-01  0.6877095E-02 -0.3799716E+00 -0.8914732E+00 -0.6611299E-01 -0.6986012E+00  0.5998508E+00  0.1016563E+01  0.4363445E+00  0.3426558E+00 -0.3020794E+00  0.9960670E-01  0.4580778E+00  0.2400912E-01  0.3628208E+00 -0.4465436E+00  0.1188352E+00 -0.4092889E+00  0.3745507E+00  0.1615245E+00 -0.6004550E-01 -0.7106521E+00  0.9241359E+00 -0.4882595E+00  0.1209419E+01  0.1472024E+00 -0.4913328E+00 -0.2020059E+00 -0.1683276E+00
 -0.4692134E+00  0.8412314E-01 -0.1669952E+00 -0.2490725E+00  0.6354970E+00 -0.3026765E+00  0.2521222E+00 -0.2772075E+00  0.9550652E-01  0.7004064E+00  0.4695336E+00 -0.5231738E+00  0.4243257E+00  0.9996637E-01  0.2035889E+00  0.5849878E-01  0.4086605E+00 -0.3041216E+00  0.1239463E+00 -0.5057430E+00  0.8112674E-03 -0.4631389E+00 -0.4651763E+00  0.6798543E+00  0.7889217E+00  0.1004714E+00 -0.2682835E+00 -0.1518067E-01 -0.3608050E+00 -0.6003898E+00 -0.3044924E+00 -0.1101895E+00  0.4555017E+00 -0.5163122E+00  0.7960320E+00 -0.1010915E+00 -0.7610325E+00  0.5229238E+00  0.2442055E+00  0.1430779E+00 -0.1065243E+01 -0.7645101E+00  0.2687985E-01 -0.1081799E+00 -0.9067120E-01 -0.3951750E+00 -0.4760538E+00
 -0.2596484E+00  0.1609681E+00  0.5684200E+00 -0.2170787E+00 -0.5466934E+00  0.8026072E+00 -0.3335852E-01  0.5339885E+00  0.2478970E+00  0.5015026E+00  0.8107698E+00 -0.1670103E+00 -0.3528267E+00  0.2248592E+00 -0.2097173E-01  0.1946759E-01 -0.6038094E-01 -0.2842650E+00  0.3982946E+00  0.1547951E+00 -0.2885209E+00 -0.5150469E+00  0.8589706E+00 -0.3763272E+00  0.2494549E+00 -0.7384460E-01 -0.1717749E+00  0.9639513E-01 -0.2141539E+00 -0.4905423E+00  0.1154151E+01  0.2939166E+00 -0.3988464E+00  0.5273297E+00 -0.8040444E-01  0.7100492E+00  0.7585569E-01  0.6181886E+00  0.6207328E+00 -0.5807282E+00  0.6379185E+00  0.1780818E+00 -0.9258069E+00  0.1311675E+01 -0.5445596E+00 -0.2599649E+00  0.4182409E+00  0.2528344E+00  0.3670468E+00
