    0 S     0   0.5115743E-02   0.8141959        1228.206        0.000000        2493.688       0.3052604E-09
    1 S     0   0.1026096E-01    1.633083        612.3387        0.000000        685.3169      -0.1502374E-09
    2 S     0   0.1579104E-01    2.513223        397.8955        0.000000        565.2206      -0.6290500E-09
    3 S     0   0.2057844E-01    3.275160        305.3286        0.000000        493.4992      -0.1043179E-08
    4 S     0   0.2583126E-01    4.111173        243.2396        0.000000        440.0808      -0.1343607E-08
    5 S     0   0.3073005E-01    4.890840        204.4639        0.000000        418.1653      -0.1550021E-08
    6 S     0   0.3611847E-01    5.748432        173.9605        0.000000        414.3173      -0.2070795E-08
    7 S     0   0.4140772E-01    6.590244        151.7395        0.000000        399.8739      -0.2651542E-08
    8 S     0   0.4671838E-01    7.435461        134.4906        0.000000        386.6896      -0.4599833E-08
    9 S     0   0.5199301E-01    8.274944        120.8467        0.000000        381.1416      -0.5879248E-08
   10 S     0   0.5698507E-01    9.069456        110.2602        0.000000        376.7377      -0.7193853E-08
   11 S     0   0.6221632E-01    9.902034        100.9894        0.000000        378.1719      -0.7829784E-08
   12 S     0   0.6733623E-01    10.71689        93.31062        0.000000        365.2783      -0.8289453E-08
   13 S     0   0.7265549E-01    11.56348        86.47915        0.000000        367.6801      -0.1043262E-07
   14 S     0   0.7792053E-01    12.40144        80.63581        0.000000        362.1941      -0.1260867E-07
   15 S     0   0.8305339E-01    13.21836        75.65236        0.000000        368.8077      -0.1593960E-07
   16 S     0   0.8830129E-01    14.05359        71.15621        0.000000        381.3900      -0.1688935E-07
   17 S     0   0.9341869E-01    14.86805        67.25833        0.000000        378.8960      -0.1684087E-07
   18 S     0   0.9873024E-01    15.71341        63.63993        0.000000        378.3534      -0.1828784E-07
   19 S     0   0.1038955        16.53548        60.47601        0.000000        363.0583      -0.2035706E-07
   20 S     0   0.1090379        17.35392        57.62385        0.000000        368.6426      -0.2615518E-07
